import numpy as np


class PFASUM95_cosine_dist:

    @staticmethod
    def get_aas():
        return ['A', 'R', 'N', 'D', 'C', 'Q', 'E', 'G', 'H', 'I', 'L', 'K', 'M', 'F', 'P', 'S', 'T', 'W', 'Y', 'V', '-']

    @staticmethod
    def get_mat():
        return np.asarray([          [1.0, 0.0, 0.0, 0.0, 0.0, 0.0, 0.0, 0.0, 0.0, 0.0, 0.0, 0.0, 0.0, 0.0, 0.0, 0.0, 0.0, 0.0, 0.0, 0.0, 0.0],
          [0.3612273169522426, 0.9324777882006007, 0.0, 0.0, 0.0, 0.0, 0.0, 0.0, 0.0, 0.0, 0.0, 0.0, 0.0, 0.0, 0.0, 0.0, 0.0, 0.0, 0.0, 0.0, 0.0],
          [0.38822329138280615, 0.5262855224982136, 0.7565092364516661, 0.0, 0.0, 0.0, 0.0, 0.0, 0.0, 0.0, 0.0, 0.0, 0.0, 0.0, 0.0, 0.0, 0.0, 0.0, 0.0, 0.0, 0.0],
          [0.44056640356588617, 0.4939151614099015, 0.5553020630722354, 0.5035758891430077, 0.0, 0.0, 0.0, 0.0, 0.0, 0.0, 0.0, 0.0, 0.0, 0.0, 0.0, 0.0, 0.0, 0.0, 0.0, 0.0, 0.0],
          [0.5278828763925829, -0.1907520963675809, -0.09173298214204378, -0.22259285771967974, 0.7918274977685354, 0.0, 0.0, 0.0, 0.0, 0.0, 0.0, 0.0, 0.0, 0.0, 0.0, 0.0, 0.0, 0.0, 0.0, 0.0, 0.0],
          [0.3962727193670447, 0.6924416885586621, 0.24686033855659004, 0.1418485735550901, -0.15445690875733564, 0.5085021716735496, 0.0, 0.0, 0.0, 0.0, 0.0, 0.0, 0.0, 0.0, 0.0, 0.0, 0.0, 0.0, 0.0, 0.0, 0.0],
          [0.4815074670611676, 0.5789447076402098, 0.34153358484911395, 0.441104721271289, -0.12593643147081893, 0.17364394994898544, 0.2752141235956683, 0.0, 0.0, 0.0, 0.0, 0.0, 0.0, 0.0, 0.0, 0.0, 0.0, 0.0, 0.0, 0.0, 0.0],
          [0.6599756429887675, 0.24270987703506808, 0.34112336568252655, 0.1611855871441195, 0.06906659364993592, -0.1614354725098317, -0.08366729188716286, 0.5703913571040553, 0.0, 0.0, 0.0, 0.0, 0.0, 0.0, 0.0, 0.0, 0.0, 0.0, 0.0, 0.0, 0.0],
          [0.11413509694827723, 0.5606417387041522, 0.3327983044067169, -0.07924605548485902, 0.11790079498682768, 0.1937631619982577, -0.08042426686359921, -0.015274014473952593, 0.7053178383655913, 0.0, 0.0, 0.0, 0.0, 0.0, 0.0, 0.0, 0.0, 0.0, 0.0, 0.0, 0.0],
          [0.36683918513972796, -0.1396356366352774, -0.34306218635440894, -0.12783163677622764, 0.2897477382874888, 0.011995967217118705, 0.07062877859471747, -0.02965323929595954, 0.03636158042662551, 0.7877885195853569, 0.0, 0.0, 0.0, 0.0, 0.0, 0.0, 0.0, 0.0, 0.0, 0.0, 0.0],
          [0.3129747093802703, -0.08583302121007011, -0.36181923261530097, -0.12619306828473692, 0.3015902852599295, 0.06180900406694063, 0.019954650321624943, 0.009113923563743397, 0.08298947114735432, 0.742709015288666, 0.3067237155052921, 0.0, 0.0, 0.0, 0.0, 0.0, 0.0, 0.0, 0.0, 0.0, 0.0],
          [0.4179880917320721, 0.8150249981475396, 0.17319498788640425, 0.09670076493978041, -0.13109431762379076, 0.07930267973831079, 0.07765785615137788, 3.411558279567631e-05, -0.06352863868442957, 0.0035356195945845125, -0.026802792812859043, 0.29563577023334753, 0.0, 0.0, 0.0, 0.0, 0.0, 0.0, 0.0, 0.0, 0.0],
          [0.2929155937936083, -0.06925862595906274, -0.30668895926620615, -0.20995014261211828, 0.20068917473138134, 0.1944765269281915, -0.004021013542908507, -0.03772082351789344, 0.007627426293137956, 0.6552402079045734, 0.273557320265423, 0.0049405792782456675, 0.4329830245932034, 0.0, 0.0, 0.0, 0.0, 0.0, 0.0, 0.0, 0.0],
          [0.09648247988785642, -0.12937042851205563, -0.254227570526441, -0.15717513379693399, 0.37188254050897646, -0.03370404082834898, -0.036707343310992825, 0.0802535561656216, 0.35696188579863386, 0.5735170407824921, 0.28332685949940084, -0.04812560586422184, 0.006839520611510174, 0.44544084690458746, 0.0, 0.0, 0.0, 0.0, 0.0, 0.0, 0.0],
          [0.5398375319977269, 0.29604837795005623, 0.15204691103821674, 0.2879915182816274, -0.06113518637204671, -0.070189256633013, -0.008232787009291016, 0.06679163124785861, 0.0405016548838517, 0.11210061219354066, 0.012060701200839746, 0.08354340746932933, -0.1507182307833482, 0.01170262174631905, 0.6763842446874807, 0.0, 0.0, 0.0, 0.0, 0.0, 0.0],
          [0.733137457318805, 0.28305143495067503, 0.416498472519898, 0.031443146868454265, 0.03385846178523655, 0.007451290236242395, -0.03465233830254923, -0.015002623768037926, -0.038364342567277276, -0.16863641854999845, -0.04200664944403677, 0.02807588142863699, 0.027135641439098558, 0.03035073026419969, 0.10708149508654233, 0.3996462056748764, 0.0, 0.0, 0.0, 0.0, 0.0],
          [0.6708089836597377, 0.2252167624881683, 0.235514078896344, -0.05102020817173267, 0.06796607385426566, 0.07131391564751073, 0.058362041082968524, -0.1665189979593881, -0.08846354421866298, 0.16612644155716752, -0.11616336776214439, 0.05326209051467855, 0.06552238868440416, -0.006542968469199254, 0.05656630915338781, 0.38603003943938613, 0.4382619125390934, 0.0, 0.0, 0.0, 0.0],
          [0.008318362971269389, 0.09293306258531797, -0.24398074362536865, -0.06329896128098271, 0.3269521496772244, -0.08727829814507153, -0.054407612302400654, 0.14700664092747176, 0.31692064960571403, 0.3498280067679488, 0.24802240515501062, -0.10420542676657539, -0.019151386371003238, 0.4140092480919068, 0.029769871453204973, -0.01433407871227442, -0.012464628750504107, 0.5660961143404252, 0.0, 0.0, 0.0],
          [-0.0063554307900269965, 0.11436024646182424, -0.08660311152281527, -0.14896790091505233, 0.36229372897490547, 0.008418750023443227, -0.02197761489299283, 0.022702775148535158, 0.5366555534504446, 0.36477583289373877, 0.21387191243994969, -0.05210287195401815, -0.006780345611525771, 0.4939942592224625, -0.024020949228342053, -0.018465960518748624, -0.011762578545932068, 0.09596482517601103, 0.3178133961502871, 0.0, 0.0],
          [0.5003011266760697, -0.17600113653181715, -0.3309145190822483, -0.12934327463128434, 0.274878745195932, 0.01479408960967707, 0.0893147892992477, -0.0752974114363472, 0.02531182291310989, 0.6807699403751732, -0.06439606617041842, 0.0016687058025165857, -0.030357124317576166, -0.014124361886267827, 0.00480798136951077, -0.0021831602063801113, 0.06601066693616481, -0.012035965752622162, 0.005511342875590138, 0.17071800884774474, 0.0],
          [0.4188476728450731, 0.2883793144416438, 0.02634563844096831, 0.26564554084647957, 0.37182353340673197, -0.12566673679558862, 0.04645639228452543, 0.29281737961710846, 0.033856131957784995, 0.4352679790434654, 0.05381260449485902, 0.016794880362079108, -0.09517859138918573, 0.07298534708634423, 0.1163344178348899, -0.044160378670365825, -0.046265277591963014, 0.029579948632363427, -0.0071052445783151355, -0.05059296980213024, 0.44600415917834274]])


class PFASUM95_standardized:

    @staticmethod
    def get_aas():
        return ['A', 'R', 'N', 'D', 'C', 'Q', 'E', 'G', 'H', 'I', 'L', 'K', 'M', 'F', 'P', 'S', 'T', 'W', 'Y', 'V', '-']

    @staticmethod
    def get_mat():
        return np.asarray([          [2.2262764071422034, 0.005897693117078216, 0.047947069706407656, -0.006760027386852637, 0.6642707894300086, 0.2971539872888829, 0.3034613937772823, 0.5514669006000624, -0.11969263879819475, 0.023189426551261674, -0.031431855487734785, 0.15718963378440048, 0.20580386202492115, -0.3051818785896961, 0.27359775489343197, 0.9108603478574336, 0.560434573770644, -0.5250400476139048, -0.3827586876442958, 0.5272241477705, -1.1027899004458654],
          [0.005897693117078216, 2.9061890820753824, 0.4341148138941275, 0.06463809776074361, -0.632094327808167, 0.9940580429663214, 0.48504604859977457, -0.3325568808998922, 0.7155023768255794, -0.7609456317854696, -0.5612969080404183, 1.5588927301315596, -0.24034860509329117, -0.9088049702822343, -0.15131548629445576, 0.2445064514979571, 0.19619257594736011, -0.31183254529515136, -0.23717344808552546, -0.5829652092420626, -1.1027899004458654],
          [0.047947069706407656, 0.4341148138941275, 3.0709539862621424, 1.249529459510064, -0.34362702289994035, 0.7313352543372759, 0.5867368879025409, 0.46663871946015995, 0.9708021632607943, -0.9386686091660847, -0.9003092799101045, 0.7171757703837263, -0.4099620598459641, -0.8487773398246098, -0.035679700673799615, 0.9050249241674859, 0.6020548750886537, -0.859332591499074, -0.1798060843100831, -0.7377326596070743, -1.1027899004458654],
          [-0.006760027386852637, 0.06463809776074361, 1.249529459510064, 2.9902449277269096, -1.0424619172983172, 0.6344929656004221, 1.412363524975886, 0.19670746627294375, 0.36825175974655533, -1.457763872408644, -1.3204597855863436, 0.42227233640570416, -0.950511086654508, -1.423437850703069, 0.13856776700912593, 0.5649827716466326, 0.22558423203275882, -1.2368330152061364, -0.7686689866692239, -1.1072951907947224, -1.1027899004458654],
          [0.6642707894300086, -0.632094327808167, -0.34362702289994035, -1.0424619172983172, 4.807721961982847, -0.6884748184595741, -1.1150185456784767, -0.3152651474657089, -0.23764543088397716, 0.10316905712525161, 0.038292876101714675, -0.906616686398504, 0.1647842660867589, 0.07231854511736596, -0.8814299679720383, 0.47281740336716344, 0.29299195715708193, -0.2656640461011528, 0.011947654442685827, 0.4922545131579454, -1.1027899004458654],
          [0.2971539872888829, 0.9940580429663214, 0.7313352543372759, 0.6344929656004221, -0.6884748184595741, 2.8577893914705217, 1.2143023797347177, -0.15612112933323632, 0.9623064728886644, -0.6352265772888007, -0.3620772595666868, 1.1186185942304272, 0.2008265888776128, -0.797545752429039, 0.0784543214972375, 0.5067143498014188, 0.4222294288785722, -0.5991842544979468, -0.23099476417852197, -0.41699889429560705, -1.1027899004458654],
          [0.3034613937772823, 0.48504604859977457, 0.5867368879025409, 1.412363524975886, -1.1150185456784767, 1.2143023797347177, 2.6508892956401677, -0.15397575297663782, 0.3138450153432188, -0.9786155169259477, -0.8972628454837345, 0.8779073670200815, -0.5133262927068771, -1.2635214970822208, 0.14320177993937855, 0.40974333848316924, 0.30303231850596263, -1.0420328420269978, -0.6304638417771522, -0.615446207280963, -1.1027899004458654],
          [0.5514669006000624, -0.3325568808998922, 0.46663871946015995, 0.19670746627294375, -0.3152651474657089, -0.15612112933323632, -0.15397575297663782, 3.1151058316809386, -0.23674437281420582, -1.2627920691209773, -1.1430371608956522, -0.1479686991781622, -0.790766363142188, -1.0284740634532956, -0.22086858777537738, 0.5247355111968458, -0.12969009261994346, -0.951969942576995, -0.9853949062127986, -0.8876515594061738, -1.1027899004458654],
          [-0.11969263879819475, 0.7155023768255794, 0.9708021632607943, 0.36825175974655533, -0.23764543088397716, 0.9623064728886644, 0.3138450153432188, -0.23674437281420582, 3.8829360297075217, -0.7173086766922572, -0.484664064582722, 0.506413997111495, -0.23249652762814088, 0.13848195195486201, -0.1291752022943599, 0.31178545404088426, 0.13809578421067423, 0.12899938845869688, 1.1538027664786414, -0.5525866800326286, -1.1027899004458654],
          [0.023189426551261674, -0.7609456317854696, -0.9386686091660847, -1.457763872408644, 0.10316905712525161, -0.6352265772888007, -0.9786155169259477, -1.2627920691209773, -0.7173086766922572, 2.5174468862597443, 1.3213566599289799, -0.751977958614888, 1.136382310463062, 0.6496393226780072, -0.789307507219701, -0.633553183730654, 0.11458245934235531, -0.16929374016275076, -0.060437343828945694, 1.706108455721345, -1.1027899004458654],
          [-0.031431855487734785, -0.5612969080404183, -0.9003092799101045, -1.3204597855863436, 0.038292876101714675, -0.3620772595666868, -0.8972628454837345, -1.1430371608956522, -0.484664064582722, 1.3213566599289799, 2.3196860937085, -0.6589544397927795, 1.397088445316905, 0.9885658794934293, -0.7209558164984746, -0.6244567879786767, -0.1443644668990768, 0.18203309199381038, 0.15504425742780198, 0.9360041587567675, -1.1027899004458654],
          [0.15718963378440048, 1.5588927301315596, 0.7171757703837263, 0.42227233640570416, -0.906616686398504, 1.1186185942304272, 0.8779073670200815, -0.1479686991781622, 0.506413997111495, -0.751977958614888, -0.6589544397927795, 2.6932819324465527, -0.229621723310299, -1.0909474229574423, 0.11475408945088317, 0.4216287234987246, 0.3927519577389096, -0.7866901480646509, -0.46119364724153505, -0.5390279014589265, -1.1027899004458654],
          [0.20580386202492115, -0.24034860509329117, -0.4099620598459641, -0.950511086654508, 0.1647842660867589, 0.2008265888776128, -0.5133262927068771, -0.790766363142188, -0.23249652762814088, 1.136382310463062, 1.397088445316905, -0.229621723310299, 3.3709634159688693, 0.8246591258493082, -0.7119881433278931, -0.16714836380615225, 0.2732974022035082, 0.1569321886216086, 0.20829249859857535, 0.787930282624343, -1.1027899004458654],
          [-0.3051818785896961, -0.9088049702822343, -0.8487773398246098, -1.423437850703069, 0.07231854511736596, -0.797545752429039, -1.2635214970822208, -1.0284740634532956, 0.13848195195486201, 0.6496393226780072, 0.9885658794934293, -1.0909474229574423, 0.8246591258493082, 3.2729197164723205, -0.9164854176388567, -0.6043760652809151, -0.3695860768147814, 1.3506195934329828, 1.8693286889313545, 0.40498060297152066, -1.1027899004458654],
          [0.27359775489343197, -0.15131548629445576, -0.035679700673799615, 0.13856776700912593, -0.8814299679720383, 0.0784543214972375, 0.14320177993937855, -0.22086858777537738, -0.1291752022943599, -0.789307507219701, -0.7209558164984746, 0.11475408945088317, -0.7119881433278931, -0.9164854176388567, 3.6224444324893383, 0.451363639801179, 0.12020334539664328, -0.8453447376540523, -0.7941560577856134, -0.43682217183057676, -1.1027899004458654],
          [0.9108603478574336, 0.2445064514979571, 0.9050249241674859, 0.5649827716466326, 0.47281740336716344, 0.5067143498014188, 0.40974333848316924, 0.5247355111968458, 0.31178545404088426, -0.633553183730654, -0.6244567879786767, 0.4216287234987246, -0.16714836380615225, -0.6043760652809151, 0.451363639801179, 2.375637509088587, 1.2156325130758086, -0.6671068699478536, -0.352294343380598, -0.2732586784035113, -1.1027899004458654],
          [0.560434573770644, 0.19619257594736011, 0.6020548750886537, 0.22558423203275882, 0.29299195715708193, 0.4222294288785722, 0.30303231850596263, -0.12969009261994346, 0.13809578421067423, 0.11458245934235531, -0.1443644668990768, 0.3927519577389096, 0.2732974022035082, -0.3695860768147814, 0.12020334539664328, 1.2156325130758086, 2.5965683662910948, -0.592104512521172, -0.2869032720314774, 0.4818708915920089, -1.1027899004458654],
          [-0.5250400476139048, -0.31183254529515136, -0.859332591499074, -1.2368330152061364, -0.2656640461011528, -0.5991842544979468, -1.0420328420269978, -0.951969942576995, 0.12899938845869688, -0.16929374016275076, 0.18203309199381038, -0.7866901480646509, 0.1569321886216086, 1.3506195934329828, -0.8453447376540523, -0.6671068699478536, -0.592104512521172, 4.976777618882805, 1.5548165150540225, -0.30389465277573713, -1.1027899004458654],
          [-0.3827586876442958, -0.23717344808552546, -0.1798060843100831, -0.7686689866692239, 0.011947654442685827, -0.23099476417852197, -0.6304638417771522, -0.9853949062127986, 1.1538027664786414, -0.060437343828945694, 0.15504425742780198, -0.46119364724153505, 0.20829249859857535, 1.8693286889313545, -0.7941560577856134, -0.352294343380598, -0.2869032720314774, 1.5548165150540225, 3.657928957427477, -0.10476081935626952, -1.1027899004458654],
          [0.5272241477705, -0.5829652092420626, -0.7377326596070743, -1.1072951907947224, 0.4922545131579454, -0.41699889429560705, -0.615446207280963, -0.8876515594061738, -0.5525866800326286, 1.706108455721345, 0.9360041587567675, -0.5390279014589265, 0.787930282624343, 0.40498060297152066, -0.43682217183057676, -0.2732586784035113, 0.4818708915920089, -0.30389465277573713, -0.10476081935626952, 2.3794991865304644, -1.1027899004458654],
          [-1.1027899004458654, -1.1027899004458654, -1.1027899004458654, -1.1027899004458654, -1.1027899004458654, -1.1027899004458654, -1.1027899004458654, -1.1027899004458654, -1.1027899004458654, -1.1027899004458654, -1.1027899004458654, -1.1027899004458654, -1.1027899004458654, -1.1027899004458654, -1.1027899004458654, -1.1027899004458654, -1.1027899004458654, -1.1027899004458654, -1.1027899004458654, -1.1027899004458654, 1.0425864561525782]])


class PFASUM85_cosine_dist:

    @staticmethod
    def get_aas():
        return ['A', 'R', 'N', 'D', 'C', 'Q', 'E', 'G', 'H', 'I', 'L', 'K', 'M', 'F', 'P', 'S', 'T', 'W', 'Y', 'V', '-']

    @staticmethod
    def get_mat():
        return np.asarray([          [0.9999999999999999, 0.0, 0.0, 0.0, 0.0, 0.0, 0.0, 0.0, 0.0, 0.0, 0.0, 0.0, 0.0, 0.0, 0.0, 0.0, 0.0, 0.0, 0.0, 0.0, 0.0],
          [0.3613339449877982, 0.9324364751550397, 0.0, 0.0, 0.0, 0.0, 0.0, 0.0, 0.0, 0.0, 0.0, 0.0, 0.0, 0.0, 0.0, 0.0, 0.0, 0.0, 0.0, 0.0, 0.0],
          [0.38810758503344495, 0.5266602902159794, 0.7563077688012518, 0.0, 0.0, 0.0, 0.0, 0.0, 0.0, 0.0, 0.0, 0.0, 0.0, 0.0, 0.0, 0.0, 0.0, 0.0, 0.0, 0.0, 0.0],
          [0.4404925596673951, 0.49432639248813703, 0.5554421714569373, 0.5030822166749022, 0.0, 0.0, 0.0, 0.0, 0.0, 0.0, 0.0, 0.0, 0.0, 0.0, 0.0, 0.0, 0.0, 0.0, 0.0, 0.0, 0.0],
          [0.5283023176463963, -0.19177895186169988, -0.09138987655656881, -0.22290793966178715, 0.7912505517792617, 0.0, 0.0, 0.0, 0.0, 0.0, 0.0, 0.0, 0.0, 0.0, 0.0, 0.0, 0.0, 0.0, 0.0, 0.0, 0.0],
          [0.39624200527937964, 0.6929444310562859, 0.24680806324673737, 0.1418072618311549, -0.15443913823862668, 0.5078831772255424, 0.0, 0.0, 0.0, 0.0, 0.0, 0.0, 0.0, 0.0, 0.0, 0.0, 0.0, 0.0, 0.0, 0.0, 0.0],
          [0.4814519708236653, 0.579590660143177, 0.3413909864072967, 0.4405507222220446, -0.12601381456490002, 0.1737214665212759, 0.2749314325841867, 0.0, 0.0, 0.0, 0.0, 0.0, 0.0, 0.0, 0.0, 0.0, 0.0, 0.0, 0.0, 0.0, 0.0],
          [0.6597142668511788, 0.24249351731759036, 0.34148883520691675, 0.1612558757187694, 0.06902556281131624, -0.1616920874453956, -0.0838559912498389, 0.5704517608131207, 0.0, 0.0, 0.0, 0.0, 0.0, 0.0, 0.0, 0.0, 0.0, 0.0, 0.0, 0.0, 0.0],
          [0.11395535133639621, 0.560794845350944, 0.3327712451194743, -0.0793683917307843, 0.11800213777124398, 0.19308816803524986, -0.08032455472231485, -0.015010370391906499, 0.7054093745343053, 0.0, 0.0, 0.0, 0.0, 0.0, 0.0, 0.0, 0.0, 0.0, 0.0, 0.0, 0.0],
          [0.3666144017013554, -0.13990751238120186, -0.34338515975518397, -0.12801837883632478, 0.2898323302544175, 0.012060011442867946, 0.07060318942672675, -0.02911951612994343, 0.03650665471107339, 0.7876572726971531, 0.0, 0.0, 0.0, 0.0, 0.0, 0.0, 0.0, 0.0, 0.0, 0.0, 0.0],
          [0.3127650226349451, -0.08624524648536441, -0.3621917319930481, -0.1265267365858228, 0.30167223328438847, 0.06183314932463689, 0.019764153427807973, 0.00963833519128915, 0.08311768295321217, 0.7426183293344939, 0.30634034347506733, 0.0, 0.0, 0.0, 0.0, 0.0, 0.0, 0.0, 0.0, 0.0, 0.0],
          [0.4180049901225768, 0.8151758943713409, 0.1732785803938277, 0.09665311268003596, -0.13096939622537812, 0.0794648530740022, 0.07759711589183912, 5.866638043670646e-05, -0.06348028269026625, 0.003367682688880979, -0.02682214890508219, 0.2952004778913223, 0.0, 0.0, 0.0, 0.0, 0.0, 0.0, 0.0, 0.0, 0.0],
          [0.29268938958731205, -0.069563826926134, -0.30698990712651, -0.21038009677052663, 0.20090340746470114, 0.19506546327289878, -0.004575769837140027, -0.0374294685263988, 0.008095171411038622, 0.6551162911402082, 0.27355573278298184, 0.004969991319331855, 0.432500015798247, 0.0, 0.0, 0.0, 0.0, 0.0, 0.0, 0.0, 0.0],
          [0.09620146944275508, -0.12977606203581415, -0.25445509016359524, -0.15753896755845137, 0.3716994754216816, -0.03354965061652114, -0.03694926952349819, 0.08070606702073291, 0.35718375903425376, 0.5734208622032201, 0.2832693110091606, -0.04836841199337785, 0.006854141322832165, 0.4451438272211609, 0.0, 0.0, 0.0, 0.0, 0.0, 0.0, 0.0],
          [0.539375902388954, 0.29615891764037827, 0.15197404335753478, 0.28865948515777695, -0.061415314003576, -0.0714062995119131, -0.0076984709999167135, 0.06682218967490662, 0.04027630911474996, 0.11261540380872978, 0.011741996647264287, 0.08377431000511697, -0.15067644387310902, 0.012426742632496999, 0.6761876343749961, 0.0, 0.0, 0.0, 0.0, 0.0, 0.0],
          [0.7330696808802333, 0.2833366159335106, 0.41674447210451815, 0.03145184763350743, 0.03343062774707506, 0.007466862054845768, -0.0346055311316113, -0.01551294921987111, -0.038393984798967044, -0.16876964545567485, -0.04218064314747835, 0.02811562892886064, 0.027474540100186937, 0.030692987660535156, 0.10676004945392256, 0.39928795557883656, 0.0, 0.0, 0.0, 0.0, 0.0],
          [0.670557807902025, 0.22568788325267042, 0.23555615434264676, -0.051065645893809145, 0.06802067452915835, 0.0714763753640112, 0.058571427849374164, -0.16685096878157174, -0.08848000731669621, 0.16629726808561632, -0.11638582978693793, 0.053240437060777045, 0.06572133299909666, -0.006230897738539162, 0.056340023678664135, 0.386634116735854, 0.43753320612488106, 0.0, 0.0, 0.0, 0.0],
          [0.008127087852973978, 0.09248743754173483, -0.2442963505884902, -0.06339077367284596, 0.32681695909874625, -0.08690257084396227, -0.054894187483496865, 0.14734917277981308, 0.31729522010496036, 0.3496834636138748, 0.24814428167396105, -0.10486001783138532, -0.019255864843772934, 0.41408640498150273, 0.029743834383557877, -0.01407898375099746, -0.012498656194627191, 0.5656774141162043, 0.0, 0.0, 0.0],
          [-0.00653808293693338, 0.1142771411091267, -0.08691049352637119, -0.14939442624051813, 0.3617624156609082, 0.008492198078318018, -0.022073912208807694, 0.023022253627889813, 0.5367091372052714, 0.36488793766684235, 0.21403247106482662, -0.052497006493549624, -0.006804213246799894, 0.4940872381228628, -0.02404583821478716, -0.018243790395814453, -0.011913787305252012, 0.09590453583678818, 0.31761537010166924, 0.0, 0.0],
          [0.500031224077151, -0.17622906926006257, -0.33130609964285473, -0.12951113013943824, 0.2750430362713274, 0.014812845197345286, 0.08941634682886536, -0.0750181885958512, 0.025476168950037993, 0.6807219509591986, -0.06456021627633737, 0.0016840996418451373, -0.030404216857673565, -0.014061055318899974, 0.004811024369970024, -0.002135952030593073, 0.0661389988402651, -0.011895445474105861, 0.005540241167679406, 0.17025114775635963, 0.0],
          [0.4185839813703842, 0.2878278440735066, 0.026392001787723808, 0.265662064478355, 0.37207439171645496, -0.12616212602056134, 0.046552419181285803, 0.2936001613241437, 0.033794170291432155, 0.4354626524152636, 0.05353040377293886, 0.016323248743271408, -0.09494224231531731, 0.07281928085331978, 0.11589228293856842, -0.04428683260840122, -0.04638469416903893, 0.029380443671431618, -0.007010818494665515, -0.050623803152327874, 0.4457666223894497]])


class PFASUM85_standardized:

    @staticmethod
    def get_aas():
        return ['A', 'R', 'N', 'D', 'C', 'Q', 'E', 'G', 'H', 'I', 'L', 'K', 'M', 'F', 'P', 'S', 'T', 'W', 'Y', 'V', '-']

    @staticmethod
    def get_mat():
        return np.asarray([          [2.2247431531457074, 0.0067619592053481505, 0.04752578459214135, -0.006582829947591483, 0.6657199239053307, 0.297472398148005, 0.30399461020989194, 0.5505084805752889, -0.11994917381275745, 0.02255257788149539, -0.031384399498714126, 0.15780265958588727, 0.20568942709289903, -0.30531730609796454, 0.2730141029159291, 0.9113756084731108, 0.5594765221603833, -0.5245408680991503, -0.38246820930370573, 0.5266509154015445, -1.1032584607219715],
          [0.0067619592053481505, 2.9046837605974183, 0.4348679443464386, 0.06580514208137704, -0.6331442807875436, 0.9950916330306199, 0.4870456408415339, -0.3336803467091965, 0.7155805187468609, -0.7607565088931468, -0.5608850366282176, 1.559220067093957, -0.24022391334873786, -0.9085790125326233, -0.15054349749779283, 0.24572379455171808, 0.19736502485601706, -0.3116249717104473, -0.2363191679695819, -0.5825542280180394, -1.1032584607219715],
          [0.04752578459214135, 0.4348679443464386, 3.069541252319586, 1.2504448171114688, -0.3432491183526227, 0.7321005953509824, 0.5874104698728069, 0.4662775445392098, 0.9709337028277097, -0.9397311569861094, -0.9009411589338348, 0.7180263482700685, -0.4103592477262486, -0.849106736757786, -0.035804056356440114, 0.9054112171796748, 0.6022141748816949, -0.8598769685178755, -0.17972181461676054, -0.7389585896336825, -1.1032584607219715],
          [-0.006582829947591483, 0.06580514208137704, 1.2504448171114688, 2.98904342450314, -1.0421985412215433, 0.6359837860179121, 1.4116121099038847, 0.19633520189887702, 0.36925964011864193, -1.459062292413855, -1.321323471896375, 0.4237115289774215, -0.9508875723551264, -1.4240912211609744, 0.13990948570557904, 0.5664707364109594, 0.22654334197498482, -1.2366634429614876, -0.7688663646806246, -1.1084075755076714, -1.1032584607219715],
          [0.6657199239053307, -0.6331442807875436, -0.3432491183526227, -1.0421985412215433, 4.80728167391364, -0.6887118111832249, -1.1148868782796777, -0.31574426353900736, -0.23816426743445782, 0.10326495214734603, 0.038858108036212695, -0.9057469994004881, 0.16569796892396088, 0.07237026343314483, -0.882919257183884, 0.47348630523919, 0.29348183418908735, -0.266184033726643, 0.01002306523629163, 0.4930958507147316, -1.1032584607219715],
          [0.297472398148005, 0.9950916330306199, 0.7321005953509824, 0.6359837860179121, -0.6887118111832249, 2.8551235307850535, 1.2158170201776348, -0.1563362516317055, 0.9609787475753562, -0.6353326545714663, -0.3623008430597134, 1.1200863944534922, 0.2014843166845772, -0.7971435867120948, 0.0773477410593217, 0.507813737143858, 0.4228962524696856, -0.5976153887662123, -0.23022604880650335, -0.41726764339706296, -1.1032584607219715],
          [0.30399461020989194, 0.4870456408415339, 0.5874104698728069, 1.4116121099038847, -1.1148868782796777, 1.2158170201776348, 2.649244757936808, -0.154920245065638, 0.31467902339021986, -0.9789502479371927, -0.897465506453487, 0.8797085525410547, -0.513427362020014, -1.2636533862965327, 0.14445787043294753, 0.41113910704233686, 0.30412333807953446, -1.0414261740036883, -0.629668628307196, -0.6156372905161629, -1.1032584607219715],
          [0.5505084805752889, -0.3336803467091965, 0.4662775445392098, 0.19633520189887702, -0.31574426353900736, -0.1563362516317055, -0.154920245065638, 3.1146389159843437, -0.23679117015827106, -1.264854846413196, -1.1443655604278113, -0.1480547586847044, -0.7924235648252029, -1.0294973914168162, -0.22151546296069385, 0.5243767230378603, -0.13093395202225122, -0.9528184903997641, -0.9864164643764579, -0.8902567457535068, -1.1032584607219715],
          [-0.11994917381275745, 0.7155805187468609, 0.9709337028277097, 0.36925964011864193, -0.23816426743445782, 0.9609787475753562, 0.31467902339021986, -0.23679117015827106, 3.882286111952481, -0.7178472190123119, -0.4851930492784247, 0.5072988256652881, -0.2318566018219751, 0.139137118487724, -0.1308910427323704, 0.3120615567074889, 0.13823602340022648, 0.13021198619251037, 1.153341094111139, -0.5530326365800247, -1.1032584607219715],
          [0.02255257788149539, -0.7607565088931468, -0.9397311569861094, -1.459062292413855, 0.10326495214734603, -0.6353326545714663, -0.9789502479371927, -1.264854846413196, -0.7178472190123119, 2.5152819549288408, 1.321330963994608, -0.7517455580181716, 1.1359199224195202, 0.6494573030404942, -0.7892911866639021, -0.6337879201357561, 0.11420682106695888, -0.16933776646559848, -0.060348170168277676, 1.7056694734572468, -1.1032584607219715],
          [-0.031384399498714126, -0.5608850366282176, -0.9009411589338348, -1.321323471896375, 0.038858108036212695, -0.3623008430597134, -0.897465506453487, -1.1443655604278113, -0.4851930492784247, 1.321330963994608, 2.318156677216285, -0.6582891246577129, 1.3971516792140435, 0.9885694209687329, -0.7216232365218253, -0.6246911506810192, -0.14445037833471427, 0.18264713842689062, 0.15535683006267964, 0.9359197222849485, -1.1032584607219715],
          [0.15780265958588727, 1.559220067093957, 0.7180263482700685, 0.4237115289774215, -0.9057469994004881, 1.1200863944534922, 0.8797085525410547, -0.1480547586847044, 0.5072988256652881, -0.7517455580181716, -0.6582891246577129, 2.6909954969908605, -0.229282044429125, -1.09034276446784, 0.11618064840147735, 0.42319661749885146, 0.39371793535071786, -0.7865879014014094, -0.45991947753861295, -0.5387438430497068, -1.1032584607219715],
          [0.20568942709289903, -0.24022391334873786, -0.4103592477262486, -0.9508875723551264, 0.16569796892396088, 0.2014843166845772, -0.513427362020014, -0.7924235648252029, -0.2318566018219751, 1.1359199224195202, 1.3971516792140435, -0.229282044429125, 3.368790639948529, 0.8254283008417985, -0.7129555599658965, -0.1665057533334634, 0.27322864936533325, 0.15758811313648302, 0.20942253531253172, 0.7872390328478552, -1.1032584607219715],
          [-0.30531730609796454, -0.9085790125326233, -0.849106736757786, -1.4240912211609744, 0.07237026343314483, -0.7971435867120948, -1.2636533862965327, -1.0294973914168162, 0.139137118487724, 0.6494573030404942, 0.9885694209687329, -1.09034276446784, 0.8254283008417985, 3.27117200546963, -0.9156590453629612, -0.604223419407861, -0.3693379666001703, 1.3516678319403583, 1.8692396864829897, 0.4047027135602116, -1.1032584607219715],
          [0.2730141029159291, -0.15054349749779283, -0.035804056356440114, 0.13990948570557904, -0.882919257183884, 0.0773477410593217, 0.14445787043294753, -0.22151546296069385, -0.1308910427323704, -0.7892911866639021, -0.7216232365218253, 0.11618064840147735, -0.7129555599658965, -0.9156590453629612, 3.623028182492476, 0.4507872908922283, 0.11969921017170582, -0.8441292591316092, -0.7934962970722238, -0.4370059167422469, -1.1032584607219715],
          [0.9113756084731108, 0.24572379455171808, 0.9054112171796748, 0.5664707364109594, 0.47348630523919, 0.507813737143858, 0.41113910704233686, 0.5243767230378603, 0.3120615567074889, -0.6337879201357561, -0.6246911506810192, 0.42319661749885146, -0.1665057533334634, -0.604223419407861, 0.4507872908922283, 2.3740245726411318, 1.2166752059752517, -0.6661415247059057, -0.3511015184008155, -0.2736073408760275, -1.1032584607219715],
          [0.5594765221603833, 0.19736502485601706, 0.6022141748816949, 0.22654334197498482, 0.29348183418908735, 0.4228962524696856, 0.30412333807953446, -0.13093395202225122, 0.13823602340022648, 0.11420682106695888, -0.14445037833471427, 0.39371793535071786, 0.27322864936533325, -0.3693379666001703, 0.11969921017170582, 1.2166752059752517, 2.5948357783679095, -0.5915222696031337, -0.2861797628111122, 0.48189652605583366, -1.1032584607219715],
          [-0.5245408680991503, -0.3116249717104473, -0.8598769685178755, -1.2366634429614876, -0.266184033726643, -0.5976153887662123, -1.0414261740036883, -0.9528184903997641, 0.13021198619251037, -0.16933776646559848, 0.18264713842689062, -0.7865879014014094, 0.15758811313648302, 1.3516678319403583, -0.8441292591316092, -0.6661415247059057, -0.5915222696031337, 4.974885360188182, 1.5557015053237286, -0.30342929734320784, -1.1032584607219715],
          [-0.38246820930370573, -0.2363191679695819, -0.17972181461676054, -0.7688663646806246, 0.01002306523629163, -0.23022604880650335, -0.629668628307196, -0.9864164643764579, 1.153341094111139, -0.060348170168277676, 0.15535683006267964, -0.45991947753861295, 0.20942253531253172, 1.8692396864829897, -0.7934962970722238, -0.3511015184008155, -0.2861797628111122, 1.5557015053237286, 3.655896698541196, -0.1045876480354186, -1.1032584607219715],
          [0.5266509154015445, -0.5825542280180394, -0.7389585896336825, -1.1084075755076714, 0.4930958507147316, -0.41726764339706296, -0.6156372905161629, -0.8902567457535068, -0.5530326365800247, 1.7056694734572468, 0.9359197222849485, -0.5387438430497068, 0.7872390328478552, 0.4047027135602116, -0.4370059167422469, -0.2736073408760275, 0.48189652605583366, -0.30342929734320784, -0.1045876480354186, 2.377757680860765, -1.1032584607219715],
          [-1.1032584607219715, -1.1032584607219715, -1.1032584607219715, -1.1032584607219715, -1.1032584607219715, -1.1032584607219715, -1.1032584607219715, -1.1032584607219715, -1.1032584607219715, -1.1032584607219715, -1.1032584607219715, -1.1032584607219715, -1.1032584607219715, -1.1032584607219715, -1.1032584607219715, -1.1032584607219715, -1.1032584607219715, -1.1032584607219715, -1.1032584607219715, -1.1032584607219715, 1.0422060333197767]])


class PFASUM75_cosine_dist:

    @staticmethod
    def get_aas():
        return ['A', 'R', 'N', 'D', 'C', 'Q', 'E', 'G', 'H', 'I', 'L', 'K', 'M', 'F', 'P', 'S', 'T', 'W', 'Y', 'V', '-']

    @staticmethod
    def get_mat():
        return np.asarray([          [1.0, 0.0, 0.0, 0.0, 0.0, 0.0, 0.0, 0.0, 0.0, 0.0, 0.0, 0.0, 0.0, 0.0, 0.0, 0.0, 0.0, 0.0, 0.0, 0.0, 0.0],
          [0.36037087172880755, 0.9328091095231754, 0.0, 0.0, 0.0, 0.0, 0.0, 0.0, 0.0, 0.0, 0.0, 0.0, 0.0, 0.0, 0.0, 0.0, 0.0, 0.0, 0.0, 0.0, 0.0],
          [0.38286666715137607, 0.5395658156667774, 0.7498545497283076, 0.0, 0.0, 0.0, 0.0, 0.0, 0.0, 0.0, 0.0, 0.0, 0.0, 0.0, 0.0, 0.0, 0.0, 0.0, 0.0, 0.0, 0.0],
          [0.4295074767597578, 0.5073442504601008, 0.5598326906783162, 0.4946842400768609, 0.0, 0.0, 0.0, 0.0, 0.0, 0.0, 0.0, 0.0, 0.0, 0.0, 0.0, 0.0, 0.0, 0.0, 0.0, 0.0, 0.0],
          [0.5190321986907812, -0.21614374822115107, -0.09417811289413103, -0.22805811841623072, 0.7893081999468105, 0.0, 0.0, 0.0, 0.0, 0.0, 0.0, 0.0, 0.0, 0.0, 0.0, 0.0, 0.0, 0.0, 0.0, 0.0, 0.0],
          [0.40015333011387305, 0.7040093706889324, 0.24972818011711367, 0.13656116302020235, -0.1474634753887259, 0.4914158387935759, 0.0, 0.0, 0.0, 0.0, 0.0, 0.0, 0.0, 0.0, 0.0, 0.0, 0.0, 0.0, 0.0, 0.0, 0.0],
          [0.47300610571306145, 0.595433643303221, 0.3459407547155502, 0.4283369665226768, -0.11819421214335797, 0.1764814998803103, 0.27103661400927065, 0.0, 0.0, 0.0, 0.0, 0.0, 0.0, 0.0, 0.0, 0.0, 0.0, 0.0, 0.0, 0.0, 0.0],
          [0.6494759476912328, 0.23822572186316207, 0.3528560831050924, 0.16114347322983186, 0.06116157955049175, -0.1687988101089531, -0.08667511261702145, 0.5755071782437002, 0.0, 0.0, 0.0, 0.0, 0.0, 0.0, 0.0, 0.0, 0.0, 0.0, 0.0, 0.0, 0.0],
          [0.114379963737931, 0.5627546731764509, 0.32368026239004233, -0.09001298312543142, 0.11655519318111507, 0.1879997531073551, -0.08422630743321458, -0.017837224036207817, 0.707821937121395, 0.0, 0.0, 0.0, 0.0, 0.0, 0.0, 0.0, 0.0, 0.0, 0.0, 0.0, 0.0],
          [0.36438742234521243, -0.17014674398736065, -0.3527889016999388, -0.12986821017863445, 0.27288113661212104, 0.004713498835462593, 0.05516273975459569, -0.03633291648459649, 0.039404336537546554, 0.7852032148202089, 0.0, 0.0, 0.0, 0.0, 0.0, 0.0, 0.0, 0.0, 0.0, 0.0, 0.0],
          [0.31352279151326135, -0.12041448717714531, -0.37256413021736323, -0.13058103620797334, 0.284026900348726, 0.049855437074534166, 0.0035209824763479803, 0.002090612140865364, 0.08445783728043323, 0.7436071265428088, 0.2967997215466473, 0.0, 0.0, 0.0, 0.0, 0.0, 0.0, 0.0, 0.0, 0.0, 0.0],
          [0.41400024160844906, 0.819554242575783, 0.17934604689010608, 0.09563287937034254, -0.12244309800374463, 0.08212469367571927, 0.08076219681946657, 0.0012859561202790669, -0.0639136381805395, 0.002312573208840772, -0.030197843115248167, 0.2869857430691338, 0.0, 0.0, 0.0, 0.0, 0.0, 0.0, 0.0, 0.0, 0.0],
          [0.2971795816818953, -0.09616090242984311, -0.31634408816978793, -0.2174527901734874, 0.18390754116183897, 0.18965440832491637, -0.02226561204305909, -0.04622689420212215, 0.015432274767737014, 0.6518069714898137, 0.27322498638371334, 0.00398752384265377, 0.4276638174577588, 0.0, 0.0, 0.0, 0.0, 0.0, 0.0, 0.0, 0.0],
          [0.09447252376526209, -0.1605111226578907, -0.26566541894289764, -0.1678030956228495, 0.34947508045549364, -0.04003383204486348, -0.05089778664713607, 0.06994623428136809, 0.3516510814310531, 0.5780846798761812, 0.2842883531609187, -0.04658179006560471, 0.003419694722050836, 0.44103823268588205, 0.0, 0.0, 0.0, 0.0, 0.0, 0.0, 0.0],
          [0.5260989604592459, 0.29690292114749606, 0.16042113895134874, 0.29301448756956366, -0.0679974713984829, -0.08440284926725483, -0.0032588767498562166, 0.06369357428728856, 0.03450176448318461, 0.10581753859201826, 0.007088548597364113, 0.09085703386510573, -0.1499855524453788, 0.013807533960058248, 0.6813822960856782, 0.0, 0.0, 0.0, 0.0, 0.0, 0.0],
          [0.7283648627427589, 0.30170468299186015, 0.42254781817715803, 0.03539677476937986, 0.031274984049814054, 0.009635201866599276, -0.02845613192685875, -0.01700795046449638, -0.03738704795664802, -0.16644098514871186, -0.04559936418492864, 0.030367457568441267, 0.030592297472650885, 0.033295529658775636, 0.10135388858510128, 0.38996200844431333, 0.0, 0.0, 0.0, 0.0, 0.0],
          [0.6716001623771795, 0.23848911857381852, 0.2403142072919083, -0.04904755177747215, 0.06033536631059238, 0.07339867443865787, 0.05707611230423771, -0.16984812828493367, -0.08395520811390496, 0.16192485524896535, -0.12023242425002625, 0.0494576601098475, 0.06637189707950227, -0.001788750459667531, 0.052010277174126686, 0.3908693847921789, 0.4251157319944403, 0.0, 0.0, 0.0, 0.0],
          [0.0006373802539985293, 0.06487686766563844, -0.25358398764995344, -0.07532023296818584, 0.302725722191417, -0.09362665448282312, -0.0659980007241077, 0.13791159010335746, 0.31688386339367003, 0.35419732023721306, 0.2604788664124692, -0.10828225524313359, -0.024525053840363936, 0.41200927577059593, 0.03216046858760196, -0.013763594828303869, -0.010254466024030564, 0.570000907260522, 0.0, 0.0, 0.0],
          [-0.010582221137242229, 0.09417423529447852, -0.0991813689884091, -0.1679658136099067, 0.3421728268640542, 0.005615833587537276, -0.03509480551855589, 0.014940047540748297, 0.5338211634079788, 0.3715388662101754, 0.2186221979145358, -0.054181160850449314, -0.009483729948200086, 0.4986383391643569, -0.024507679183757333, -0.017195459158588573, -0.011563110066390304, 0.0961771946413007, 0.3188314758693111, 0.0, 0.0],
          [0.4963466002965155, -0.20152357256343176, -0.33962921812065316, -0.13157159147960457, 0.2592130559425015, 0.007641368977131485, 0.07386939516099028, -0.08057375291261007, 0.03018352212735932, 0.6814863589757053, -0.06703573768484997, -0.0013217372921527832, -0.029274472215207032, -0.012225219157376562, 0.004355991504998761, 0.00018841441794663214, 0.06459135696865509, -0.00977473309589946, 0.006449342742767021, 0.16126286990997837, 0.0],
          [0.3879733477485924, 0.26297698157927046, 0.025600471246207752, 0.2763032516604808, 0.3650113133104836, -0.140304666354756, 0.03956803743789817, 0.30091266145387, 0.026741615149335336, 0.45111389186216144, 0.05100260611818207, 0.014019380251577205, -0.10596111544377332, 0.06337009663060819, 0.1090300422575018, -0.04081057006521518, -0.05365156508816662, 0.029966983195248653, -0.010189576099654402, -0.054827460372533186, 0.46431515741165225]])


class PFASUM75_standardized:

    @staticmethod
    def get_aas():
        return ['A', 'R', 'N', 'D', 'C', 'Q', 'E', 'G', 'H', 'I', 'L', 'K', 'M', 'F', 'P', 'S', 'T', 'W', 'Y', 'V', '-']

    @staticmethod
    def get_mat():
        return np.asarray([          [2.149739548816256, 0.03298954421119933, 0.04346981811216448, -0.0018562609953851085, 0.6649898589478808, 0.30370784303697346, 0.30012597727335244, 0.54696517100832, -0.10900268994913398, 0.03719049788458201, -0.008622007437780353, 0.16016788910223598, 0.2223862240332821, -0.2827452897672435, 0.2712941689044526, 0.8852082725630972, 0.545063686714052, -0.49425225208081386, -0.36083880752717773, 0.521936331227956, -1.185596565024648],
          [0.03298954421119933, 2.851873679615936, 0.4534386760693275, 0.11174637044587812, -0.6154166001341659, 1.008672089995564, 0.5295422684050277, -0.3040596020890376, 0.7264122237092332, -0.7479898539531257, -0.5587700563909747, 1.548914732392572, -0.22950372952774145, -0.88984942641851, -0.10975443955384458, 0.27076352212465693, 0.22375706154775432, -0.3082163351974372, -0.2127883559641768, -0.565358920573438, -1.185596565024648],
